[1] 593
[1] 593
[1] 2
[1] 6
[1] 2
[1] 692.9646
  [1]  1  3  4  5  6  7  8  9 10 11 12  1  4  5  6  7  8  9 10 12  1  3  4  5  6  7  8 10 11  2  3  4  5  6  7  8  9 10 11  1  4  5  6  7
 [45]  8 12  3  4  5  6  7  8  9 10 11  5  6  7  8 10 11  2  3  4  5  6  7  7  7  7  8  8  8  8  9 11 12  1  2  3  4  5  6  7  8  9 10 11
 [89]  1  2  3  4  5  6  7  8  9 10 11 12  2  3  4  5  6  7  8  9 10 11 12  1  2  3  4  5  6  7  8  9 10 11 12  2  3  4  5  6  7  8  9 10
[133] 11  7  8  9 11  3  5  6  7  8  9 10 11 12  1  3  4  6  7  8  9 10 11  1  4  6  8  9 10 11  1  2  4  5  6  7  8 10 12  1  2  3  4  5
[177]  6  7  9 11  2  3  4  5  6  7  8  9 10 11  4  5  6  8 10  5  7  8 12  1  4  6  7  8  9 10  4  5  6  7  8  9 10  5  7 11  1  3  4  5
[221]  6  7  8  9 10 11 12  2  3  4  5  6  7  8  9 10 11 12  2  3  4  5  6  7  8  9 10 11 12  4  5  6  7  8  9 10 11 12  1  2  3  4  5  6
[265]  7  8  9 10 11 12  1  2  3  4  5  6  7  8  9 10 11 12  1  3  4  5  6  7  8  9 10 11 12 NA NA  1  3  4  5  6  7  8  9 10 11 12  4  5
[309]  6  7  8  9 10 12  1  3  4  5  6  7  8 10 11  2  3  4  5  6  7  8  9 10 11  1  4  5  6  7  8 10 11 12  2  3  4  5  6  7  8  9 10 11
[353]  5  6  7  8 10 11  2  3  4  5  6  7  7  7  7  8  8  8  8  8  9 11 12  1  2  3  4  5  6  7  8  9 10 11  1  2  3  4  5  6  7  8  9 10
[397] 11 12  2  3  4  5  6  7  8  9 10 11 12  1  2  3  4  5  6  7  8  9 10 11 12  2  3  4  5  6  7  8  9 10 11  7  8  9 11  3  5  6  7  8
[441]  9 10 11 12  1  3  4  6  7  8  9 10 11  1  4  6  8  9 10 11  1  2  4  5  6  7  8 10 12  1  2  3  4  5  6  7  9 11  2  3  4  5  6  7
[485]  8  9 10 11  4  5  6  8 10  3  5  7  8 12  1  4  6  7  8  9 10  4  5  6  7  8  9 10  5  7 11  1  3  4  5  6  7  8  9 10 11 12  2  3
[529]  4  5  6  7  8  9 10 11 12  2  3  4  5  6  7  8  9 10 11 12  1  4  5  6  7  8  9 10 11 12  1  2  3  4  5  6  7  8  9 10 11 12  1  2
[573]  3  4  5  6  7  8  9 10 11 12  1  3  4  5  6  7  8  9 10 11 12
OGR data source with driver: GPKG 
Source: "C:\Users\timor\Nextcloud2\Timo\BODDENHECHT\Chapter 2\Stats\Niche analysis\Data\Spatial\Studyarea_buffered.gpkg", layer: "Studyarea_buffered"
with 65 features
It has 1 fields
  |                                                                                                                                       |                                                                                                                               |   0%  |                                                                                                                                       |=======                                                                                                                        |   6%  |                                                                                                                                       |===============                                                                                                                |  12%  |                                                                                                                                       |======================                                                                                                         |  18%  |                                                                                                                                       |==============================                                                                                                 |  24%  |                                                                                                                                       |=====================================                                                                                          |  29%  |                                                                                                                                       |=============================================                                                                                  |  35%  |                                                                                                                                       |====================================================                                                                           |  41%  |                                                                                                                                       |============================================================                                                                   |  47%  |                                                                                                                                       |===================================================================                                                            |  53%  |                                                                                                                                       |===========================================================================                                                    |  59%  |                                                                                                                                       |==================================================================================                                             |  65%  |                                                                                                                                       |==========================================================================================                                     |  71%  |                                                                                                                                       |=================================================================================================                              |  76%  |                                                                                                                                       |=========================================================================================================                      |  82%  |                                                                                                                                       |================================================================================================================               |  88%  |                                                                                                                                       |========================================================================================================================       |  94%  |                                                                                                                                       |===============================================================================================================================| 100%
  |                                                                                                                                       |                                                                                                                               |   0%  |                                                                                                                                       |=======                                                                                                                        |   6%  |                                                                                                                                       |===============                                                                                                                |  12%  |                                                                                                                                       |======================                                                                                                         |  18%  |                                                                                                                                       |==============================                                                                                                 |  24%  |                                                                                                                                       |=====================================                                                                                          |  29%  |                                                                                                                                       |=============================================                                                                                  |  35%  |                                                                                                                                       |====================================================                                                                           |  41%  |                                                                                                                                       |============================================================                                                                   |  47%  |                                                                                                                                       |===================================================================                                                            |  53%  |                                                                                                                                       |===========================================================================                                                    |  59%  |                                                                                                                                       |==================================================================================                                             |  65%  |                                                                                                                                       |==========================================================================================                                     |  71%  |                                                                                                                                       |=================================================================================================                              |  76%  |                                                                                                                                       |=========================================================================================================                      |  82%  |                                                                                                                                       |================================================================================================================               |  88%  |                                                                                                                                       |========================================================================================================================       |  94%  |                                                                                                                                       |===============================================================================================================================| 100%
  |                                                                                                                                       |                                                                                                                               |   0%  |                                                                                                                                       |=======                                                                                                                        |   6%  |                                                                                                                                       |===============                                                                                                                |  12%  |                                                                                                                                       |======================                                                                                                         |  18%  |                                                                                                                                       |==============================                                                                                                 |  24%  |                                                                                                                                       |=====================================                                                                                          |  29%  |                                                                                                                                       |=============================================                                                                                  |  35%  |                                                                                                                                       |====================================================                                                                           |  41%  |                                                                                                                                       |============================================================                                                                   |  47%  |                                                                                                                                       |===================================================================                                                            |  53%  |                                                                                                                                       |===========================================================================                                                    |  59%  |                                                                                                                                       |==================================================================================                                             |  65%  |                                                                                                                                       |==========================================================================================                                     |  71%  |                                                                                                                                       |=================================================================================================                              |  76%  |                                                                                                                                       |=========================================================================================================                      |  82%  |                                                                                                                                       |================================================================================================================               |  88%  |                                                                                                                                       |========================================================================================================================       |  94%  |                                                                                                                                       |===============================================================================================================================| 100%
  |                                                                                                                                       |                                                                                                                               |   0%  |                                                                                                                                       |=========                                                                                                                      |   7%  |                                                                                                                                       |==================                                                                                                             |  14%  |                                                                                                                                       |===========================                                                                                                    |  21%  |                                                                                                                                       |====================================                                                                                           |  29%  |                                                                                                                                       |=============================================                                                                                  |  36%  |                                                                                                                                       |======================================================                                                                         |  43%  |                                                                                                                                       |================================================================                                                               |  50%  |                                                                                                                                       |=========================================================================                                                      |  57%  |                                                                                                                                       |==================================================================================                                             |  64%  |                                                                                                                                       |===========================================================================================                                    |  71%  |                                                                                                                                       |====================================================================================================                           |  79%  |                                                                                                                                       |=============================================================================================================                  |  86%  |                                                                                                                                       |======================================================================================================================         |  93%  |                                                                                                                                       |===============================================================================================================================| 100%
