Sample	Quality	Age	Cohort	Core	I	Year	Increment	X	Y
1	3	6	2014	239.4	core			40	2265
1	3	6	2014	239.4	1	2015	418.9	715	1723
1	3	6	2014	239.4	2	2016	326.5	1241	1301
1	3	6	2014	239.4	3	2017	171.0	1517	1080
1	3	6	2014	239.4	4	2018	126.5	1721	916
1	3	6	2014	239.4	5	2019	109.8	1898	775
1	3	6	2014	239.4	6	2020	98.9	2057	647
1	3	6	2014	239.4	edge		82.5	2190	540
10	3	2	2018	426.8	core			136	1393
10	3	2	2018	426.8	1	2019	430.4	850	863
10	3	2	2018	426.8	2	2020	285.1	1323	513
10	3	2	2018	426.8	edge		147.6	1568	331
11	3	3	2017	292.8	core			420	1584
11	3	3	2017	292.8	1	2018	305.1	958	1256
11	3	3	2017	292.8	2	2019	476.9	1799	743
11	3	3	2017	292.8	3	2020	236.1	2216	488
11	3	3	2017	292.8	edge		87.0	2369	395
12	3	5	2015	294.4	core			485	1568
12	3	5	2015	294.4	1	2016	476.1	1399	1206
12	3	5	2015	294.4	2	2017	238.3	1857	1026
12	3	5	2015	294.4	3	2018	196.2	2234	877
12	3	5	2015	294.4	4	2019	150.2	2523	763
12	3	5	2015	294.4	5	2020	140.0	2792	656
12	3	5	2015	294.4	edge		54.3	2896	615
13	3	3	2017	452.4	core			325	1123
13	3	3	2017	452.4	1	2018	569.0	1383	611
13	3	3	2017	452.4	2	2019	106.7	1581	515
13	3	3	2017	452.4	3	2020	135.6	1833	393
13	3	3	2017	452.4	edge		37.3	1903	359
14	3	10	2010	731.7	core			898	3015
14	3	10	2010	731.7	1	2011	449.7	1649	2467
14	3	10	2010	731.7	2	2012	221.5	2018	2198
14	3	10	2010	731.7	3	2013	152.6	2273	2012
14	3	10	2010	731.7	4	2014	94.5	2431	1897
14	3	10	2010	731.7	5	2015	107.6	2610	1766
14	3	10	2010	731.7	6	2016	105.3	2786	1637
14	3	10	2010	731.7	7	2017	110.7	2971	1503
14	3	10	2010	731.7	8	2018	116.2	3165	1361
14	3	10	2010	731.7	9	2019	109.9	3348	1227
14	3	10	2010	731.7	10	2020	98.5	3513	1107
14	3	10	2010	731.7	edge		88.3	3660	1000
15	3	8	2012	386.8	core			558	1600
15	3	8	2012	386.8	1	2013	364.6	1257	1319
15	3	8	2012	386.8	2	2014	190.9	1623	1172
15	3	8	2012	386.8	3	2015	205.6	2017	1014
15	3	8	2012	386.8	4	2016	141.8	2289	904
15	3	8	2012	386.8	5	2017	143.3	2563	794
15	3	8	2012	386.8	6	2018	139.3	2830	687
15	3	8	2012	386.8	7	2019	134.2	3088	583
15	3	8	2012	386.8	8	2020	115.5	3309	494
15	3	8	2012	386.8	edge		34.4	3375	468
16	3	3	2017	234.4	core			510	1101
16	3	3	2017	234.4	1	2018	385.7	1214	728
16	3	3	2017	234.4	2	2019	161.1	1508	572
16	3	3	2017	234.4	3	2020	165.9	1811	412
16	3	3	2017	234.4	edge		114.4	2020	301
17	3	6	2014	314.8	core			2000	2875
17	3	6	2014	314.8	1	2015	685.5	3223	2161
17	3	6	2014	314.8	2	2016	272.8	3710	1876
17	3	6	2014	314.8	3	2017	191.1	4051	1677
17	3	6	2014	314.8	4	2018	238.0	4475	1429
17	3	6	2014	314.8	5	2019	146.5	4737	1277
17	3	6	2014	314.8	6	2020	75.1	4871	1199
17	3	6	2014	314.8	edge		35.4	4934	1162
18	3	3	2017	294.4	core			1185	1604
18	3	3	2017	294.4	1	2018	347.2	1661	1068
18	3	3	2017	294.4	2	2019	319.0	2099	575
18	3	3	2017	294.4	3	2020	116.1	2258	395
18	3	3	2017	294.4	edge		36.7	2308	339
19	3	6	2014	265.4	core			694	1711
19	3	6	2014	265.4	1	2015	360.1	1310	1294
19	3	6	2014	265.4	2	2016	119.9	1516	1155
19	3	6	2014	265.4	3	2017	87.8	1666	1054
19	3	6	2014	265.4	4	2018	166.7	1951	861
19	3	6	2014	265.4	5	2019	117.0	2151	725
19	3	6	2014	265.4	6	2020	134.7	2382	569
19	3	6	2014	265.4	edge		113.9	2577	438
2	3	2	2018	205.6	core			882	1067
2	3	2	2018	205.6	1	2019	389.8	1578	662
2	3	2	2018	205.6	2	2020	237.8	2002	414
2	3	2	2018	205.6	edge		219.6	2394	185
20	3	4	2016	345.8	core			605	1696
20	3	4	2016	345.8	1	2017	462.9	1402	1168
20	3	4	2016	345.8	2	2018	170.7	1697	973
20	3	4	2016	345.8	3	2019	186.0	2017	761
20	3	4	2016	345.8	4	2020	149.9	2275	590
20	3	4	2016	345.8	edge		95.8	2440	481
21	3	4	2016	343.6	core			791	1453
21	3	4	2016	343.6	1	2017	545.4	1857	1087
21	3	4	2016	343.6	2	2018	202.6	2253	951
21	3	4	2016	343.6	3	2019	184.4	2613	827
21	3	4	2016	343.6	4	2020	168.3	2942	714
21	3	4	2016	343.6	edge		152.3	3240	612
22	3	4	2016	352.3	core			1177	1985
22	3	4	2016	352.3	1	2017	464.3	2023	1533
22	3	4	2016	352.3	2	2018	258.3	2494	1281
22	3	4	2016	352.3	3	2019	215.6	2886	1072
22	3	4	2016	352.3	4	2020	186.9	3227	890
22	3	4	2016	352.3	edge		106.0	3420	786
23	3	2	2018	321.3	core			859	1064
23	3	2	2018	321.3	1	2019	326.7	1464	764
23	3	2	2018	321.3	2	2020	290.6	2001	497
23	3	2	2018	321.3	edge		211.5	2393	303
24	3	9	2011	315.8	core			868	1903
24	3	9	2011	315.8	1	2012	474.0	1802	1608
24	3	9	2011	315.8	2	2013	226.9	2249	1467
24	3	9	2011	315.8	3	2014	151.4	2547	1373
24	3	9	2011	315.8	4	2015	113.5	2771	1302
24	3	9	2011	315.8	5	2016	116.2	3000	1230
24	3	9	2011	315.8	6	2017	116.3	3229	1158
24	3	9	2011	315.8	7	2018	102.5	3431	1094
24	3	9	2011	315.8	8	2019	81.3	3591	1043
24	3	9	2011	315.8	9	2020	83.0	3755	992
24	3	9	2011	315.8	edge		54.7	3863	958
25	3	10	2010	340.2	core			110	2811
25	3	10	2010	340.2	1	2011	445.5	930	2392
25	3	10	2010	340.2	2	2012	192.9	1285	2210
25	3	10	2010	340.2	3	2013	155.4	1571	2064
25	3	10	2010	340.2	4	2014	122.6	1796	1949
25	3	10	2010	340.2	5	2015	143.6	2060	1814
25	3	10	2010	340.2	6	2016	158.4	2352	1665
25	3	10	2010	340.2	7	2017	137.5	2605	1535
25	3	10	2010	340.2	8	2018	140.5	2863	1403
25	3	10	2010	340.2	9	2019	107.6	3061	1302
25	3	10	2010	340.2	10	2020	146.6	3331	1164
25	3	10	2010	340.2	edge		70.2	3460	1098
26	3	7	2013	463.5	core			767	2225
26	3	7	2013	463.5	1	2014	335.0	1372	1888
26	3	7	2013	463.5	2	2015	209.3	1749	1677
26	3	7	2013	463.5	3	2016	159.2	2036	1517
26	3	7	2013	463.5	4	2017	140.1	2289	1376
26	3	7	2013	463.5	5	2018	159.2	2576	1215
26	3	7	2013	463.5	6	2019	241.7	3012	972
26	3	7	2013	463.5	7	2020	140.1	3265	831
26	3	7	2013	463.5	edge		56.6	3367	774
27	3	6	2014	228.1	core			941	1873
27	3	6	2014	228.1	1	2015	376.8	1643	1537
27	3	6	2014	228.1	2	2016	109.0	1846	1440
27	3	6	2014	228.1	3	2017	110.0	2052	1341
27	3	6	2014	228.1	4	2018	120.2	2276	1234
27	3	6	2014	228.1	5	2019	134.4	2526	1114
27	3	6	2014	228.1	6	2020	151.8	2809	979
27	3	6	2014	228.1	edge		153.8	3096	842
28	3	3	2017	145.6	core			866	1356
28	3	3	2017	145.6	1	2018	415.4	1492	768
28	3	3	2017	145.6	2	2019	228.2	1836	445
28	3	3	2017	145.6	3	2020	104.1	1993	298
28	3	3	2017	145.6	edge		47.4	2064	231
29	3	4	2016	304.7	core			280	1396
29	3	4	2016	304.7	1	2017	337.8	929	1140
29	3	4	2016	304.7	2	2018	225.2	1362	969
29	3	4	2016	304.7	3	2019	195.4	1738	821
29	3	4	2016	304.7	4	2020	149.5	2025	708
29	3	4	2016	304.7	edge		198.1	2406	558
3	3	2	2018	199.8	core			676	1619
3	3	2	2018	199.8	1	2019	576.9	1568	828
3	3	2	2018	199.8	2	2020	297.4	2028	421
3	3	2	2018	199.8	edge		227.9	2381	109
30	3	4	2016	334.7	core			26	1272
30	3	4	2016	334.7	1	2017	489.4	915	792
30	3	4	2016	334.7	2	2018	287.7	1438	509
30	3	4	2016	334.7	3	2019	167.7	1743	345
30	3	4	2016	334.7	4	2020	106.0	1936	241
30	3	4	2016	334.7	edge		54.3	2034	187
4	3	2	2018	275.6	core			1005	1308
4	3	2	2018	275.6	1	2019	343.6	1609	935
4	3	2	2018	275.6	2	2020	383.7	2284	518
4	3	2	2018	275.6	edge		93.3	2448	417
5	3	9	2011	237.1	core			263	2403
5	3	9	2011	237.1	1	2012	501.8	1262	2126
5	3	9	2011	237.1	2	2013	174.9	1610	2029
5	3	9	2011	237.1	3	2014	228.8	2066	1903
5	3	9	2011	237.1	4	2015	191.0	2446	1797
5	3	9	2011	237.1	5	2016	130.1	2705	1725
5	3	9	2011	237.1	6	2017	103.7	2912	1668
5	3	9	2011	237.1	7	2018	113.3	3137	1605
5	3	9	2011	237.1	8	2019	153.6	3443	1521
5	3	9	2011	237.1	9	2020	115.3	3672	1457
5	3	9	2011	237.1	edge		68.6	3809	1419
6	3	10	2010	366.8	core			812	3005
6	3	10	2010	366.8	1	2011	401.4	1548	2622
6	3	10	2010	366.8	2	2012	209.6	1932	2422
6	3	10	2010	366.8	3	2013	180.2	2262	2251
6	3	10	2010	366.8	4	2014	181.9	2596	2077
6	3	10	2010	366.8	5	2015	161.1	2891	1924
6	3	10	2010	366.8	6	2016	128.2	3126	1801
6	3	10	2010	366.8	7	2017	155.8	3411	1653
6	3	10	2010	366.8	8	2018	140.3	3669	1519
6	3	10	2010	366.8	9	2019	129.9	3907	1395
6	3	10	2010	366.8	10	2020	93.4	4078	1306
6	3	10	2010	366.8	edge		69.4	4205	1240
7	3	2	2018	306.5	core			438	1576
7	3	2	2018	306.5	1	2019	592.7	1529	1020
7	3	2	2018	306.5	2	2020	336.6	2149	705
7	3	2	2018	306.5	edge		226.1	2566	493
8	3	5	2015	373.3	core			831	1573
8	3	5	2015	373.3	1	2016	421.2	1546	1077
8	3	5	2015	373.3	2	2017	223.1	1925	815
8	3	5	2015	373.3	3	2018	144.5	2170	645
8	3	5	2015	373.3	4	2019	101.5	2343	525
8	3	5	2015	373.3	5	2020	85.3	2488	425
8	3	5	2015	373.3	edge		40.0	2556	378
9	3	7	2013	353.3	core			1086	2117
9	3	7	2013	353.3	1	2014	460.3	1956	1733
9	3	7	2013	353.3	2	2015	229.5	2390	1541
9	3	7	2013	353.3	3	2016	269.5	2899	1316
9	3	7	2013	353.3	4	2017	239.0	3351	1116
9	3	7	2013	353.3	5	2018	168.2	3669	976
9	3	7	2013	353.3	6	2019	110.0	3876	884
9	3	7	2013	353.3	7	2020	68.3	4005	827
9	3	7	2013	353.3	edge		33.3	4068	799
