Sample	Quality	Age	Cohort	Core	I	Year	Increment	X	Y
1	3	9	2011	300.9	core			616	2472
1	3	9	2011	300.9	1	2012	322.3	1194	2802
1	3	9	2011	300.9	2	2013	182.0	1521	2988
1	3	9	2011	300.9	3	2014	184.0	1851	3177
1	3	9	2011	300.9	4	2015	178.7	2172	3360
1	3	9	2011	300.9	5	2016	151.8	2444	3515
1	3	9	2011	300.9	6	2017	115.8	2652	3634
1	3	9	2011	300.9	7	2018	118.2	2864	3755
1	3	9	2011	300.9	8	2019	140.3	3115	3898
1	3	9	2011	300.9	9	2020	140.7	3368	4042
1	3	9	2011	300.9	edge		138.3	3616	4184
10	3	6	2014	670.4	core			489	2608
10	3	6	2014	670.4	1	2015	420.1	1063	1957
10	3	6	2014	670.4	2	2016	251.6	1408	1568
10	3	6	2014	670.4	3	2017	175.5	1648	1296
10	3	6	2014	670.4	4	2018	149.4	1852	1065
10	3	6	2014	670.4	5	2019	170.1	2085	802
10	3	6	2014	670.4	6	2020	191.1	2346	506
10	3	6	2014	670.4	edge		102.2	2486	348
11	3	2	2018	356.0	core			432	1344
11	3	2	2018	356.0	1	2019	310.9	899	903
11	3	2	2018	356.0	2	2020	289.0	1333	493
11	3	2	2018	356.0	edge		158.9	1572	268
12	3	6	2014	474.8	core			183	2247
12	3	6	2014	474.8	1	2015	532.7	1230	2587
12	3	6	2014	474.8	2	2016	202.7	1628	2716
12	3	6	2014	474.8	3	2017	92.4	1810	2775
12	3	6	2014	474.8	4	2018	117.6	2041	2850
12	3	6	2014	474.8	5	2019	116.3	2269	2924
12	3	6	2014	474.8	6	2020	140.2	2545	3014
12	3	6	2014	474.8	edge		72.9	2688	3060
13	3	2	2018	522.4	core			362	1332
13	3	2	2018	522.4	1	2019	477.0	945	537
13	3	2	2018	522.4	2	2020	123.7	1096	331
13	3	2	2018	522.4	edge		126.9	1251	120
14	1	8	2012	592.5	core			791	3166
14	1	8	2012	592.5	1	2013	447.9	1643	2806
14	1	8	2012	592.5	2	2014	281.1	2178	2580
14	1	8	2012	592.5	3	2015	299.4	2748	2339
14	1	8	2012	592.5	4	2016	207.1	3142	2173
14	1	8	2012	592.5	5	2017	139.2	3407	2061
14	1	8	2012	592.5	6	2018	128.5	3651	1958
14	1	8	2012	592.5	7	2019	138.4	3915	1846
14	1	8	2012	592.5	8	2020	109.3	4123	1758
14	1	8	2012	592.5	edge		97.4	4308	1680
15	3	13	2007	353.2	core			32	3160
15	3	13	2007	353.2	1	2008	468.3	967	3407
15	3	13	2007	353.2	2	2009	149.4	1266	3486
15	3	13	2007	353.2	3	2010	124.0	1514	3551
15	3	13	2007	353.2	4	2011	122.0	1757	3615
15	3	13	2007	353.2	5	2012	165.4	2088	3702
15	3	13	2007	353.2	6	2013	124.0	2335	3768
15	3	13	2007	353.2	7	2014	142.7	2620	3843
15	3	13	2007	353.2	8	2015	119.5	2859	3906
15	3	13	2007	353.2	9	2016	108.8	3076	3963
15	3	13	2007	353.2	10	2017	174.8	3425	4055
15	3	13	2007	353.2	11	2018	151.2	3727	4135
15	3	13	2007	353.2	12	2019	149.4	4026	4214
15	3	13	2007	353.2	13	2020	113.5	4253	4274
15	3	13	2007	353.2	edge		97.3	4447	4325
16	3	2	2018	677.8	core			242	1248
16	3	2	2018	677.8	1	2019	615.5	1385	691
16	3	2	2018	677.8	2	2020	239.7	1830	473
16	3	2	2018	677.8	edge		231.2	2259	264
17	3	2	2018	688.1	core			498	1336
17	3	2	2018	688.1	1	2019	412.2	1088	722
17	3	2	2018	688.1	2	2020	194.1	1365	432
17	3	2	2018	688.1	edge		209.5	1665	120
18	2	6	2014	524.1	core			1032	2271
18	2	6	2014	524.1	1	2015	430.9	1781	1790
18	2	6	2014	524.1	2	2016	221.9	2166	1542
18	2	6	2014	524.1	3	2017	289.4	2669	1218
18	2	6	2014	524.1	4	2018	130.5	2896	1072
18	2	6	2014	524.1	5	2019	165.9	3184	887
18	2	6	2014	524.1	6	2020	156.4	3456	712
18	2	6	2014	524.1	edge		154.1	3724	540
19	3	1	2019	529.8	core			487	1026
19	3	1	2019	529.8	1	2020	535.4	1395	394
19	3	1	2019	529.8	edge		177.8	1696	184
2	3	2	2018	604.1	core			530	1252
2	3	2	2018	604.1	1	2019	633.9	1692	648
2	3	2	2018	604.1	2	2020	128.6	1928	526
2	3	2	2018	604.1	edge		83.6	2081	446
20	3	6	2014	517.9	core			191	2731
20	3	6	2014	517.9	1	2015	601.3	984	1775
20	3	6	2014	517.9	2	2016	244.0	1305	1387
20	3	6	2014	517.9	3	2017	179.9	1543	1101
20	3	6	2014	517.9	4	2018	166.3	1762	836
20	3	6	2014	517.9	5	2019	137.0	1943	619
20	3	6	2014	517.9	6	2020	130.6	2115	411
20	3	6	2014	517.9	edge		122.3	2276	216
21	3	2	2018	549.0	core			367	1161
21	3	2	2018	549.0	1	2019	404.7	1068	705
21	3	2	2018	549.0	2	2020	375.8	1719	282
21	3	2	2018	549.0	edge		53.6	1812	222
22	3	2	2018	522.3	core			53	1734
22	3	2	2018	522.3	1	2019	506.5	978	1246
22	3	2	2018	522.3	2	2020	247.5	1431	1007
22	3	2	2018	522.3	edge		254.6	1896	762
23	3	1	2019	608.6	core			369	770
23	3	1	2019	608.6	1	2020	651.6	1557	137
23	3	1	2019	608.6	edge		-0.0	1557	137
24	3	9	2011	433.5	core			153	2820
24	3	9	2011	433.5	1	2012	686.2	1568	2906
24	3	9	2011	433.5	2	2013	157.3	1892	2926
24	3	9	2011	433.5	3	2014	151.5	2205	2945
24	3	9	2011	433.5	4	2015	106.5	2424	2958
24	3	9	2011	433.5	5	2016	127.8	2688	2974
24	3	9	2011	433.5	6	2017	99.0	2892	2986
24	3	9	2011	433.5	7	2018	120.3	3140	3002
24	3	9	2011	433.5	8	2019	128.0	3404	3018
24	3	9	2011	433.5	9	2020	0.0	3404	3018
24	3	9	2011	433.5	edge		226.9	3872	3046
25	3	2	2018	635.4	core			270	1301
25	3	2	2018	635.4	1	2019	520.4	1052	563
25	3	2	2018	635.4	2	2020	196.8	1348	284
25	3	2	2018	635.4	edge		92.3	1487	154
26	3	7	2013	447.6	core			505	2256
26	3	7	2013	447.6	1	2014	370.6	1136	1822
26	3	7	2013	447.6	2	2015	170.8	1427	1622
26	3	7	2013	447.6	3	2016	168.1	1713	1426
26	3	7	2013	447.6	4	2017	117.1	1912	1288
26	3	7	2013	447.6	5	2018	206.8	2264	1046
26	3	7	2013	447.6	6	2019	148.6	2517	872
26	3	7	2013	447.6	7	2020	81.8	2656	777
26	3	7	2013	447.6	edge		107.3	2839	651
27	3	2	2018	617.8	core			400	1628
27	3	2	2018	617.8	1	2019	696.5	1567	786
27	3	2	2018	617.8	2	2020	216.7	1930	524
27	3	2	2018	617.8	edge		140.6	2166	354
28	3	2	2018	431.4	core			318	1272
28	3	2	2018	431.4	1	2019	345.4	1020	1401
28	3	2	2018	431.4	2	2020	229.4	1486	1487
28	3	2	2018	431.4	edge		278.7	2052	1592
29	3	7	2013	304.1	core			375	2685
29	3	7	2013	304.1	1	2014	405.4	1051	2190
29	3	7	2013	304.1	2	2015	278.4	1515	1850
29	3	7	2013	304.1	3	2016	216.1	1875	1587
29	3	7	2013	304.1	4	2017	203.5	2214	1339
29	3	7	2013	304.1	5	2018	143.1	2453	1164
29	3	7	2013	304.1	6	2019	117.8	2649	1020
29	3	7	2013	304.1	7	2020	111.1	2835	885
29	3	7	2013	304.1	edge		72.8	2956	796
3	2	9	2011	450.4	core			45	2814
3	2	9	2011	450.4	1	2012	466.5	836	2263
3	2	9	2011	450.4	2	2013	117.6	1035	2125
3	2	9	2011	450.4	3	2014	169.7	1323	1924
3	2	9	2011	450.4	4	2015	170.8	1613	1723
3	2	9	2011	450.4	5	2016	177.8	1914	1513
3	2	9	2011	450.4	6	2017	140.7	2153	1347
3	2	9	2011	450.4	7	2018	163.2	2430	1155
3	2	9	2011	450.4	8	2019	79.5	2564	1061
3	2	9	2011	450.4	9	2020	90.9	2719	954
3	2	9	2011	450.4	edge		57.4	2816	886
30	2	2	2018	556.0	core			660	1347
30	2	2	2018	556.0	1	2019	488.0	1420	684
30	2	2	2018	556.0	2	2020	166.7	1679	458
30	2	2	2018	556.0	edge		125.5	1875	288
31	3	6	2014	614.8	core			319	2384
31	3	6	2014	614.8	1	2015	427.6	1131	2036
31	3	6	2014	614.8	2	2016	368.4	1830	1735
31	3	6	2014	614.8	3	2017	157.8	2129	1606
31	3	6	2014	614.8	4	2018	124.8	2366	1505
31	3	6	2014	614.8	5	2019	189.8	2727	1350
31	3	6	2014	614.8	6	2020	171.8	3053	1209
31	3	6	2014	614.8	edge		205.9	3444	1041
32	3	13	2007	384.6	core			321	3304
32	3	13	2007	384.6	1	2008	532.5	1421	3346
32	3	13	2007	384.6	2	2009	241.4	1919	3365
32	3	13	2007	384.6	3	2010	174.0	2278	3379
32	3	13	2007	384.6	4	2011	158.7	2606	3391
32	3	13	2007	384.6	5	2012	198.8	3016	3407
32	3	13	2007	384.6	6	2013	125.3	3275	3417
32	3	13	2007	384.6	7	2014	98.2	3477	3425
32	3	13	2007	384.6	8	2015	78.3	3639	3431
32	3	13	2007	384.6	9	2016	84.8	3814	3438
32	3	13	2007	384.6	10	2017	82.6	3985	3444
32	3	13	2007	384.6	11	2018	127.8	4248	3454
32	3	13	2007	384.6	12	2019	159.0	4577	3467
32	3	13	2007	384.6	13	2020	89.1	4761	3474
32	3	13	2007	384.6	edge		48.8	4861	3478
33	3	4	2016	293.7	core			390	1827
33	3	4	2016	293.7	1	2017	299.9	835	1396
33	3	4	2016	293.7	2	2018	217.7	1159	1084
33	3	4	2016	293.7	3	2019	143.8	1372	877
33	3	4	2016	293.7	4	2020	167.4	1621	637
33	3	4	2016	293.7	edge		207.5	1929	339
34	3	6	2014	561.9	core			147	1485
34	3	6	2014	561.9	1	2015	479.5	1128	1348
34	3	6	2014	561.9	2	2016	245.9	1631	1277
34	3	6	2014	561.9	3	2017	164.3	1967	1230
34	3	6	2014	561.9	4	2018	184.8	2345	1177
34	3	6	2014	561.9	5	2019	131.8	2615	1139
34	3	6	2014	561.9	6	2020	132.3	2886	1101
34	3	6	2014	561.9	edge		102.8	3096	1072
35	3	4	2016	633.3	core			483	1782
35	3	4	2016	633.3	1	2017	534.8	1390	1151
35	3	4	2016	633.3	2	2018	139.2	1626	986
35	3	4	2016	633.3	3	2019	178.6	1928	775
35	3	4	2016	633.3	4	2020	252.4	2356	477
35	3	4	2016	633.3	edge		82.5	2496	380
36	3	6	2014	426.3	core			560	2211
36	3	6	2014	426.3	1	2015	585.4	1596	1587
36	3	6	2014	426.3	2	2016	236.4	2014	1335
36	3	6	2014	426.3	3	2017	94.6	2182	1234
36	3	6	2014	426.3	4	2018	72.7	2311	1157
36	3	6	2014	426.3	5	2019	140.1	2559	1007
36	3	6	2014	426.3	6	2020	144.1	2814	854
36	3	6	2014	426.3	edge		107.6	3004	739
37	3	1	2019	378.9	core			596	1001
37	3	1	2019	378.9	1	2020	554.3	1723	800
37	3	1	2019	378.9	edge		283.1	2299	698
38	3	4	2016	518.4	core			486	1604
38	3	4	2016	518.4	1	2017	406.1	1234	1224
38	3	4	2016	518.4	2	2018	261.7	1716	980
38	3	4	2016	518.4	3	2019	181.6	2051	810
38	3	4	2016	518.4	4	2020	177.1	2377	644
38	3	4	2016	518.4	edge		47.2	2464	600
39	3	1	2019	477.8	core			348	1199
39	3	1	2019	477.8	1	2020	580.8	1393	609
39	3	1	2019	477.8	edge		276.2	1890	328
4	3	3	2017	333.5	core			571	1438
4	3	3	2017	333.5	1	2018	374.4	1212	1006
4	3	3	2017	333.5	2	2019	378.6	1861	568
4	3	3	2017	333.5	3	2020	170.8	2153	371
4	3	3	2017	333.5	edge		40.7	2223	324
40	3	2	2018	633.9	core			489	1472
40	3	2	2018	633.9	1	2019	569.9	1567	998
40	3	2	2018	633.9	2	2020	292.7	2120	755
40	3	2	2018	633.9	edge		197.0	2493	591
41	3	2	2018	367.5	core			459	1485
41	3	2	2018	367.5	1	2019	458.2	1272	999
41	3	2	2018	367.5	2	2020	383.0	1951	594
41	3	2	2018	367.5	edge		87.4	2106	501
42	3	1	2019	681.0	core			414	812
42	3	1	2019	681.0	1	2020	828.2	2024	235
42	3	1	2019	681.0	edge		0.0	2024	235
43	3	2	2018	476.9	core			730	1522
43	3	2	2018	476.9	1	2019	678.9	1875	713
43	3	2	2018	476.9	2	2020	158.3	2142	524
43	3	2	2018	476.9	edge		82.0	2281	426
44	3	1	2019	477.5	core			308	1671
44	3	1	2019	477.5	1	2020	724.9	1776	1966
44	3	1	2019	477.5	edge		198.4	2178	2047
45	3	12	2008	294.4	core			1278	2583
45	3	12	2008	294.4	1	2009	466.7	2139	3016
45	3	12	2008	294.4	2	2010	85.7	2297	3095
45	3	12	2008	294.4	3	2011	102.2	2486	3190
45	3	12	2008	294.4	4	2012	139.5	2743	3320
45	3	12	2008	294.4	5	2013	159.3	3037	3467
45	3	12	2008	294.4	6	2014	146.1	3307	3603
45	3	12	2008	294.4	7	2015	98.9	3490	3695
45	3	12	2008	294.4	8	2016	158.2	3782	3842
45	3	12	2008	294.4	9	2017	96.3	3960	3931
45	3	12	2008	294.4	10	2018	104.6	4153	4028
45	3	12	2008	294.4	11	2019	103.3	4343	4124
45	3	12	2008	294.4	12	2020	73.4	4479	4192
45	3	12	2008	294.4	edge		125.3	4710	4308
46	3	1	2019	565.1	core			414	1317
46	3	1	2019	565.1	1	2020	659.3	1516	517
46	3	1	2019	565.1	edge		218.0	1880	252
47	3	8	2012	254.3	core			60	2866
47	3	8	2012	254.3	1	2013	321.5	490	2359
47	3	8	2012	254.3	2	2014	308.2	902	1874
47	3	8	2012	254.3	3	2015	273.8	1269	1443
47	3	8	2012	254.3	4	2016	186.9	1519	1149
47	3	8	2012	254.3	5	2017	109.0	1665	978
47	3	8	2012	254.3	6	2018	95.9	1793	827
47	3	8	2012	254.3	7	2019	104.6	1933	662
47	3	8	2012	254.3	8	2020	62.7	2017	563
47	3	8	2012	254.3	edge		35.2	2064	508
48	3	8	2012	304.8	core			208	2527
48	3	8	2012	304.8	1	2013	385.9	842	2043
48	3	8	2012	304.8	2	2014	196.5	1164	1796
48	3	8	2012	304.8	3	2015	102.2	1332	1668
48	3	8	2012	304.8	4	2016	127.0	1541	1509
48	3	8	2012	304.8	5	2017	121.5	1740	1356
48	3	8	2012	304.8	6	2018	119.7	1937	1206
48	3	8	2012	304.8	7	2019	107.7	2113	1071
48	3	8	2012	304.8	8	2020	120.6	2311	920
48	3	8	2012	304.8	edge		196.1	2633	674
49	3	1	2019	418.6	core			324	1416
49	3	1	2019	418.6	1	2020	559.9	1452	1673
49	3	1	2019	418.6	edge		304.0	2064	1812
5	3	4	2016	739.5	core			367	2216
5	3	4	2016	739.5	1	2017	669.5	1559	1515
5	3	4	2016	739.5	2	2018	251.0	2006	1252
5	3	4	2016	739.5	3	2019	228.2	2413	1014
5	3	4	2016	739.5	4	2020	161.3	2700	845
5	3	4	2016	739.5	edge		73.1	2830	768
50	3	5	2015	506.3	core			212	1992
50	3	5	2015	506.3	1	2016	380.5	729	1400
50	3	5	2015	506.3	2	2017	163.3	951	1146
50	3	5	2015	506.3	3	2018	157.4	1165	901
50	3	5	2015	506.3	4	2019	143.1	1359	678
50	3	5	2015	506.3	5	2020	125.8	1530	482
50	3	5	2015	506.3	edge		156.0	1742	240
51	3	5	2015	412.6	core			458	2364
51	3	5	2015	412.6	1	2016	452.9	1191	1783
51	3	5	2015	412.6	2	2017	250.4	1597	1461
51	3	5	2015	412.6	3	2018	198.8	1918	1206
51	3	5	2015	412.6	4	2019	131.5	2131	1037
51	3	5	2015	412.6	5	2020	168.9	2405	820
51	3	5	2015	412.6	edge		207.5	2741	554
52	3	6	2014	271.6	core			163	2540
52	3	6	2014	271.6	1	2015	392.0	871	2147
52	3	6	2014	271.6	2	2016	424.1	1637	1723
52	3	6	2014	271.6	3	2017	238.1	2068	1484
52	3	6	2014	271.6	4	2018	84.5	2220	1399
52	3	6	2014	271.6	5	2019	129.9	2455	1269
52	3	6	2014	271.6	6	2020	107.1	2648	1162
52	3	6	2014	271.6	edge		142.0	2905	1020
53	3	3	2017	495.1	core			801	1802
53	3	3	2017	495.1	1	2018	581.4	1818	1163
53	3	3	2017	495.1	2	2019	149.9	2080	999
53	3	3	2017	495.1	3	2020	186.7	2407	794
53	3	3	2017	495.1	edge		158.4	2684	619
54	3	4	2016	401.8	core			580	1399
54	3	4	2016	401.8	1	2017	551.3	1661	1039
54	3	4	2016	401.8	2	2018	139.4	1934	949
54	3	4	2016	401.8	3	2019	159.0	2246	845
54	3	4	2016	401.8	4	2020	145.4	2531	750
54	3	4	2016	401.8	edge		30.4	2591	730
55	3	6	2014	281.5	core			610	1835
55	3	6	2014	281.5	1	2015	401.2	1344	1448
55	3	6	2014	281.5	2	2016	214.2	1735	1242
55	3	6	2014	281.5	3	2017	170.3	2047	1078
55	3	6	2014	281.5	4	2018	148.1	2317	935
55	3	6	2014	281.5	5	2019	133.7	2562	807
55	3	6	2014	281.5	6	2020	135.4	2809	676
55	3	6	2014	281.5	edge		106.7	3004	574
56	3	7	2013	405.4	core			699	2285
56	3	7	2013	405.4	1	2014	395.6	1419	1899
56	3	7	2013	405.4	2	2015	242.6	1861	1662
56	3	7	2013	405.4	3	2016	118.7	2077	1546
56	3	7	2013	405.4	4	2017	179.1	2403	1372
56	3	7	2013	405.4	5	2018	122.2	2626	1252
56	3	7	2013	405.4	6	2019	180.2	2954	1077
56	3	7	2013	405.4	7	2020	134.4	3199	945
56	3	7	2013	405.4	edge		165.4	3500	784
57	3	9	2011	234.1	core			576	2704
57	3	9	2011	234.1	1	2012	264.9	1006	2366
57	3	9	2011	234.1	2	2013	217.4	1359	2088
57	3	9	2011	234.1	3	2014	150.6	1604	1896
57	3	9	2011	234.1	4	2015	129.7	1815	1730
57	3	9	2011	234.1	5	2016	162.7	2079	1523
57	3	9	2011	234.1	6	2017	175.4	2364	1299
57	3	9	2011	234.1	7	2018	146.9	2603	1111
57	3	9	2011	234.1	8	2019	85.6	2742	1002
57	3	9	2011	234.1	9	2020	88.3	2885	889
57	3	9	2011	234.1	edge		85.6	3024	780
58	3	2	2018	424.9	core			224	1763
58	3	2	2018	424.9	1	2019	510.2	1059	1120
58	3	2	2018	424.9	2	2020	234.1	1443	825
58	3	2	2018	424.9	edge		273.1	1890	480
59	3	4	2016	368.9	core			228	2458
59	3	4	2016	368.9	1	2017	514.1	1286	2361
59	3	4	2016	368.9	2	2018	279.5	1861	2308
59	3	4	2016	368.9	3	2019	295.6	2469	2253
59	3	4	2016	368.9	4	2020	194.8	2870	2216
59	3	4	2016	368.9	edge		290.0	3466	2161
6	1	11	2009	313.2	core			258	4014
6	1	11	2009	313.2	1	2010	434.1	935	3426
6	1	11	2009	313.2	2	2011	208.2	1260	3144
6	1	11	2009	313.2	3	2012	133.6	1469	2963
6	1	11	2009	313.2	4	2013	117.5	1652	2804
6	1	11	2009	313.2	5	2014	154.7	1893	2595
6	1	11	2009	313.2	6	2015	130.1	2096	2418
6	1	11	2009	313.2	7	2016	145.9	2324	2221
6	1	11	2009	313.2	8	2017	172.7	2593	1987
6	1	11	2009	313.2	9	2018	127.9	2792	1814
6	1	11	2009	313.2	10	2019	162.3	3046	1594
6	1	11	2009	313.2	11	2020	98.9	3200	1460
6	1	11	2009	313.2	edge		125.7	3396	1290
60	3	2	2018	459.5	core			461	1071
60	3	2	2018	459.5	1	2019	604.3	1626	624
60	3	2	2018	459.5	2	2020	133.8	1885	526
60	3	2	2018	459.5	edge		52.1	1985	487
61	3	3	2017	514.3	core			553	1310
61	3	3	2017	514.3	1	2018	490.4	1426	796
61	3	3	2017	514.3	2	2019	203.5	1789	583
61	3	3	2017	514.3	3	2020	173.0	2097	402
61	3	3	2017	514.3	edge		86.3	2251	312
62	3	9	2011	441.0	core			288	2708
62	3	9	2011	441.0	1	2012	440.0	1070	2244
62	3	9	2011	441.0	2	2013	112.9	1270	2125
62	3	9	2011	441.0	3	2014	139.1	1517	1978
62	3	9	2011	441.0	4	2015	122.9	1736	1849
62	3	9	2011	441.0	5	2016	118.9	1947	1723
62	3	9	2011	441.0	6	2017	149.4	2212	1566
62	3	9	2011	441.0	7	2018	146.8	2473	1411
62	3	9	2011	441.0	8	2019	114.6	2676	1290
62	3	9	2011	441.0	9	2020	127.8	2904	1155
62	3	9	2011	441.0	edge		90.3	3064	1060
7	3	4	2016	449.1	core			394	1719
7	3	4	2016	449.1	1	2017	440.7	1187	1271
7	3	4	2016	449.1	2	2018	281.7	1694	985
7	3	4	2016	449.1	3	2019	200.9	2055	781
7	3	4	2016	449.1	4	2020	205.7	2425	572
7	3	4	2016	449.1	edge		66.2	2544	505
8	3	1	2019	428.0	core			117	1399
8	3	1	2019	428.0	1	2020	658.0	1313	753
8	3	1	2019	428.0	edge		299.5	1857	458
9	3	7	2013	279.7	core			760	2142
9	3	7	2013	279.7	1	2014	366.2	1409	1753
9	3	7	2013	279.7	2	2015	182.7	1733	1560
9	3	7	2013	279.7	3	2016	182.1	2056	1366
9	3	7	2013	279.7	4	2017	102.7	2238	1257
9	3	7	2013	279.7	5	2018	79.1	2378	1173
9	3	7	2013	279.7	6	2019	88.3	2535	1080
9	3	7	2013	279.7	7	2020	127.0	2760	945
9	3	7	2013	279.7	edge		99.5	2936	839
