"id"	"sex"	"weight"	"TL"	"date"	"area"	"age_ref"	"age_comb"	"age_combC"	"age_otoT"	"age_otoK"	"age_scaleT"	"age_scaleK"	"mrad_comb"	"trad_comb"	"quality"	"month"
"BH-00355"	"m"	800	552	"9.7.2019"	"Peene"	2	3	3	2	3	3	5	0.8113	0.8486	3	7
"BH-00356"	"f"	3000	815	"9.7.2019"	"Peene"	6	7	6	5	5	4	6	1.5448	1.5781	3	7
"BH-00391"	"f"	5220	903	"11.7.2019"	"Barthe"	5	9	9	9	8	7	8	1.7125	1.7811	3	7
"BH-00392"	"f"	5600	930	"11.7.2019"	"Barthe"	7	6	8	7	6	6	10	1.609	1.6444	3	7
"BH-00398"	"f"	2655	761	"11.7.2019"	"Barthe"	5	6	8	6	5	5	8	1.2516	1.3341	3	7
"BH-00405"	"f"	715	466	"11.7.2019"	"Barthe"	1	2	3	2	2	4	6	0.7273	0.8206	3	7
"BH-00411"	"f"	1870	677	"11.7.2019"	"Barthe"	5	3	4	3	3	3	8	1.0181	1.1051	3	7
"BH-00418"	"f"	2450	758	"12.7.2019"	"Peene"	6	7	7	6	5	5	5	1.3846	1.4412	3	7
"BH-00419"	"f"	5780	958	"12.7.2019"	"Peene"	10	10	11	10	9	7	13	1.7818	1.8512	3	7
"BH-00424"	"m"	508	425	"12.7.2019"	"Peene"	3	3	2	2	2	3	4	0.7127	0.8271	3	7
"BH-00670"	"f"	NA	680	"01.12.2019"	"KB"	5	4	4	4	6	6	5	1.284	1.574	3	12
"BH-00670"	"f"	NA	680	"01.12.2019"	"KB"	6	4	4	4	6	6	5	1.284	1.574	3	12
"BH-00681"	"m"	NA	630	"28.02.2020"	"WB"	3	3	2	3	3	4	5	0.6007	0.7276	3	2
"BH-00685"	"m"	NA	720	"29.02.2020"	"WB"	3	3	3	3	4	5	6	0.8626	1.0596	3	2
"BH-00689"	"m"	NA	600	"01.03.2020"	"WB"	2	2	5	2	2	4	4	0.5599	0.8639	3	3
"BH-00696"	"f"	NA	790	"02.03.2020"	"WB"	5	4	5	4	5	4	5	0.918	1.0764	3	3
"BH-00732"	""	NA	617	"14.12.2019"	"SB"	2	2	2	2	2	2	3	0.7381	0.7902	3	12
"BH-00742"	""	NA	550	"8.11.2019"	"GB"	2	2	3	2	2	2	2	0.7805	0.8341	3	11
"BH-00750"	""	NA	560	"8.11.2020"	"GB"	2	2	3	3	3	2	2	0.7625	0.8461	3	11
"BH-01556"	"f"	NA	1110	"8.2.2020"	"BEG"	8	10	9	10	8	8	9	1.5767	1.6341	2	2
"BH-01560"	"f"	NA	820	"8.2.2020"	"BEG"	7	7	7	7	6	7	9	1.2733	1.3809	3	2
"BH-01569"	"m"	NA	550	"28.2.2020"	"BEG"	2	2	4	3	4	4	5	0.5543	0.8374	3	2
"BH-01571"	"f"	NA	520	"28.2.2020"	"BEG"	2	2	2	3	3	2	4	0.5354	0.7132	3	2
"BH-01576"	"f"	NA	570	"28.2.2020"	"BEG"	2	2	3	3	3	3	5	0.5808	0.857	3	2
"BH-01582"	"f"	NA	830	"28.02.2020"	"BEG"	7	7	8	7	8	8	9	1.2029	1.3096	3	2
"BH-01585"	"m"	NA	760	"28.02.2020"	"WB"	8	10	11	10	7	4	6	1.4724	1.5627	3	2
"BH-01588"	"f"	NA	1050	"01.02.2020"	"KJB"	10	10	11	9	9	8	10	1.5338	1.6721	3	2
"BH-01594"	"f"	NA	630	"28.02.2020"	"WB"	3	2	2	3	3	4	3	0.6593	0.8773	3	2
"BH-01595"	"m"	NA	690	"28.02.2020"	"WB"	4	5	5	4	4	5	6	1.0265	1.0737	3	2
"BH-01596"	"f"	NA	660	"01.01.2020"	"GJB"	2	3	3	3	2	4	8	0.7172	0.8095	3	1
"BH-01598"	"f"	NA	750	"01.01.2020"	"GJB"	4	5	5	5	3	4	6	1.105	1.1875	3	1
"BH-01713"	"f"	7200	980	"8.1.2020"	"SB"	8	7	8	8	8	7	10	1.4591	1.5814	3	1
"BH-01717"	"f"	NA	1040	"28.02.2020"	"BEG"	12	12	11	12	10	8	10	1.8859	2.0116	1	2
"BH-01719"	"f"	1400	550	"23.12.2019"	"SB"	2	1	2	1	4	3	2	0.658	0.9575	3	12
"BH-01722"	"f"	NA	950	"28.02.2020"	"BEG"	12	13	15	13	12	7	10	1.7342	1.8595	3	2
"BH-01731"	"m"	6800	950	"8.1.2020"	"SB"	9	10	10	9	10	7	9	1.5766	1.8035	3	1
"BH-01737"	"f"	11500	1130	"27.2.2020"	"KB"	9	9	13	9	8	7	9	1.4626	1.4978	3	2
"BH-01738"	"f"	5400	860	"23.12.2019"	"SB"	8	6	6	6	5	4	8	1.395	1.5491	2	12
"BH-01758"	"m"	2580	682	"1.5.2020"	"SB"	6	6	7	7	5	4	7	1.2019	1.2748	3	5
"BH-01767"	"f"	NA	751	"12.9.2020"	"KD"	7	8	11	8	7	7	6	1.4352	1.4696	3	9
"BH-01772"	"f"	NA	634	"9.10.2020"	"KD"	5	5	4	5	5	5	9	1.2008	1.2551	3	10
"BH-01774"	"f"	NA	638	"9.10.2020"	"KD"	4	4	5	4	4	3	8	1.1007	1.253	3	10
"BH-01776"	"f"	NA	574	"9.10.2020"	"KD"	2	2	2	2	3	2	5	0.8743	1.1022	3	10
"BH-01789"	"m"	1700	600	"26.2.2020"	"KB"	3	3	3	4	3	2	1	0.5999	0.7588	3	2
"BH-01802"	"m"	1980	638	"1.5.2020"	"SB"	4	4	5	4	4	3	3	0.9951	1.0255	3	5
"BH-01803"	"m"	1900	600	"24.11.2019"	"SB"	5	4	4	4	4	4	5	0.8288	1.0363	3	11
"BH-01809"	"m"	900	520	"26.2.2020"	"KB"	3	3	5	3	3	3	5	0.5748	0.8535	3	2
"BH-01812"	"f"	8900	1020	"22.11.2019"	"SB"	6	6	6	6	8	6	10	1.3757	1.5177	3	11
"BH-01814"	"m"	3600	780	"26.2.2020"	"KB"	6	7	7	8	3	7	10	1.4402	1.6461	3	2
"BH-01819"	"m"	2800	680	"27.2.2020"	"KB"	4	6	6	6	6	6	8	0.9701	1.1261	3	2
"BH-01835"	"m"	3800	820	"26.2.2020"	"KB"	7	7	8	7	7	6	5	1.3386	1.4414	3	2
"BH-01846"	"m"	NA	880	"16.2.2020"	"BEG"	12	14	14	14	12	8	9	2.1505	2.1993	3	2
"BH-01850"	"f"	NA	910	"14.2.2020"	"BEG"	6	7	7	7	6	6	7	1.3578	1.46	3	2
"BH-01855"	"m"	2500	722	"1.5.2020"	"SB"	6	7	9	8	7	6	8	1.3728	1.5382	3	5
"BH-01860"	"f"	7900	940	"27.2.2020"	"KB"	9	8	7	8	6	7	8	1.4754	1.5482	3	2
"BH-01867"	"f"	4800	820	"23.11.2019"	"SB"	7	7	8	6	6	4	7	1.2638	1.3711	3	11
"BH-01868"	"f"	8700	1010	"8.1.2020"	"SB"	8	10	11	10	12	6	7	1.4215	1.5071	3	1
"BH-01869"	"f"	3300	730	"17.12.2019"	"SB"	5	4	4	3	5	3	3	1.129	1.1952	3	12
"BH-01877"	"m"	NA	434	"9.10.2020"	"KD"	3	2	2	2	3	1	4	0.6276	0.8472	3	10
"BH-01882"	"f"	NA	670	"12.11.2020"	"GB"	3	2	3	2	3	2	4	0.8412	0.9286	3	11
"BH-01883"	"f"	NA	870	"12.11.2020"	"GB"	5	5	4	5	4	4	7	1.2025	1.41	3	11
"BH-01885"	"f"	NA	796	"27.11.2020"	"GB"	2	2	3	2	2	3	4	0.7443	1.0174	3	11
"BH-01889"	"f"	NA	837	"27.11.2020"	"GB"	4	4	5	4	4	4	4	1.31	1.3831	3	11
"BH-01891"	"f"	4348	870	"27.11.2020"	"GB"	7	8	9	8	8	6	7	1.2811	1.4772	3	11
"BH-01892"	"m"	1772	635	"27.11.2020"	"GB"	3	3	2	2	2	4	3	0.9238	0.9645	3	11
"BH-01893"	"m"	NA	650	"10.11.2020"	"GB"	3	3	4	3	5	3	4	0.8669	0.9532	3	11
"BH-01897"	"m"	NA	600	"13.11.2020"	"GB"	2	2	2	2	2	2	2	0.6063	0.8158	3	11
"BH-01898"	"f"	NA	700	"8.11.2020"	"GB"	3	2	3	2	5	2	6	0.9132	1.0538	3	11
"BH-01899"	"f"	NA	760	"10.11.2020"	"GB"	3	2	3	2	3	2	8	0.8372	0.9192	3	11
"BH-01900"	"f"	NA	825	"27.11.2020"	"GB"	2	2	2	2	2	2	3	0.754	1.0086	3	11
"BH-01902"	"m"	NA	500	"1.11.2020"	"GB"	4	2	5	2	5	2	4	0.8552	1.0864	3	11
"BH-01903"	"f"	596	439	"27.11.2020"	"GB"	1	1	1	1	1	1	0	0.6516	0.6516	3	11
"BH-01904"	"f"	474	404	"27.11.2020"	"GB"	2	1	0	1	1	1	0	0.8282	0.8282	3	11
"BH-01906"	"f"	13600	1230	"5.11.2019"	"SB"	11	13	11	13	11	8	8	2.113	2.2103	3	11
"BH-01908"	"f"	NA	876	"30.1.2021"	"GB"	8	9	11	9	10	5	9	1.7509	1.8483	1	1
"BH-01922"	"f"	14600	1262	"01.02.2020"	"KB"	10	11	13	11	8	10	11	1.7506	1.8208	3	2
"BH-90307"	"f"	5350	883	"16.3.2020"	"SB"	7	8	8	8	6	7	9	1.1281	1.2276	3	3
"BH-90910"	"m"	NA	604	"07.04.2021"	"NHG"	8	6	7	5	4	4	5	0.9756	1.0156	3	4
"BH-90928"	"m"	1470	580	"02.04.2021"	"Sehrowbach"	6	3	5	2	7	2	3	0.6173	0.8288	3	4
"BH-90946"	"m"	2564	694	"02.04.2021"	"Sehrowbach"	6	7	3	5	4	5	6	0.9862	1.1001	3	4
"BH-90970"	"m"	1688	634	"02.04.2021"	"Sehrowbach"	7	7	6	5	3	5	6	1.0022	1.156	3	4
"BH-90981"	"m"	2798	745	"02.04.2021"	"Sehrowbach"	9	10	11	9	9	9	10	1.4651	1.5198	3	4
"BH-90997"	"m"	2258	675	"23.03.2021"	"Bandycksgraben"	6	5	5	4	3	5	4	1.1251	1.2311	3	3
"BH-91013"	"f"	3234	739	"01.04.2021"	"Ziese"	3	4	4	4	4	4	6	0.7477	0.7951	3	4
"BH-91045"	"m"	1564	648	"01.04.2021"	"Ziese"	3	3	5	3	5	3	5	0.9293	1.1554	3	4
"BH-91050"	"m"	2930	732	"01.04.2021"	"Ziese"	8	5	8	3	6	4	6	0.9695	1.0653	3	4
"BH-91053"	"f"	2734	674	"01.04.2021"	"Ziese"	4	3	3	3	2	2	5	0.7155	0.8631	3	4
"BH-91054"	"m"	1766	636	"02.04.2021"	"Sehrowbach"	6	5	6	5	5	4	6	0.9079	1.106	3	4
"BH-91068"	"f"	4994	860	"01.04.2021"	"Ziese"	7	5	6	4	5	4	6	1.0508	1.1051	3	4
"BH-91117"	"f"	1230	555	"07.04.2021"	"NHG"	4	4	3	3	3	3	4	0.7823	0.819	3	4
"BH-91328"	"f"	8290	1061	"14.04.2021"	"NHG"	10	11	11	10	9	7	9	1.5665	1.6548	3	4
