"waterbody"	"year"	"type"	"turbidity"	"SAL"	"WT"	"P"
"Baltic"	2005	"Coast"	3.52222222222222	7.43846153846154	9.44230769230769	1.06
"Baltic"	2006	"Coast"	3.1	7.295	9.63	1.276
"Baltic"	2007	"Coast"	2.8	9.21	10.109	1.13346153846154
"Baltic"	2008	"Coast"	2.725	8.68	10.4313333333333	1.067
"Baltic"	2009	"Coast"	3.4375	8.64782608695652	9.18630434782609	1.08130434782609
"Baltic"	2010	"Coast"	2.07777777777778	7.10833333333333	9.18875	0.944166666666667
"Baltic"	2011	"Coast"	2.37692307692308	7.86470588235294	9.73323529411765	0.962541176470588
"Baltic"	2012	"Coast"	2.77777777777778	8.94423076923077	9.99602564102564	1.20128205128205
"Baltic"	2013	"Coast"	2.30769230769231	8.05806451612903	11.0556451612903	1.22532258064516
"Baltic"	2014	"Coast"	3.01	8.02391304347826	14.505652173913	0.92804347826087
"Baltic"	2015	"Coast"	3.14736842105263	9.25897435897436	10.6907692307692	1.00025641025641
"Baltic"	2016	"Coast"	2.825	8.7796875	12.37484375	1.11078125
"Baltic"	2017	"Coast"	3.05454545454545	8.54814814814815	11.8555555555556	1.00037037037037
"Baltic"	2018	"Coast"	2.88	8.08387096774194	11.8352941176471	1.07176470588235
"Baltic"	2019	"Coast"	3.77272727272727	9.272	9.722	0.8022
"Baltic"	2020	"Coast"	4.25454545454545	8.89090909090909	9.22272727272727	0.921818181818182
"Baltic"	2021	"Coast"	3.06	8.75666666666667	10.87	0.725625
"Baltic"	2022	"Coast"	3.05	9.525	2.675	NA
"Bandycksgraben"	2012	"Freshwater"	NA	0	9.69166666666667	0.0625
"Bandycksgraben"	2015	"Freshwater"	NA	0	10.4166666666667	0.055
"Bandycksgraben"	2018	"Freshwater"	NA	0	9.81666666666667	0.0891666666666667
"Barthe"	2003	"Freshwater"	NA	0	10.8333333333333	1.03916666666667
"Barthe"	2005	"Freshwater"	NA	0	9.68333333333333	0.18875
"Barthe"	2012	"Freshwater"	NA	0	10.1833333333333	0.261666666666667
"Barthe"	2013	"Freshwater"	NA	0	9.79166666666667	0.256666666666667
"Barthe"	2014	"Freshwater"	NA	0	11.5333333333333	0.250833333333333
"Barthe"	2015	"Freshwater"	NA	0	11.1333333333333	0.21
"Barthe"	2016	"Freshwater"	NA	0	11.2333333333333	0.250833333333333
"Barthe"	2017	"Freshwater"	NA	0	11.2909090909091	0.173636363636364
"Barthe"	2018	"Freshwater"	NA	0	10.6833333333333	0.2075
"Barthe"	2019	"Freshwater"	NA	0	10.275	0.235
"Barthe"	2020	"Freshwater"	NA	0	11.3833333333333	0.198333333333333
"BAT"	2005	"Coast"	0.894117647058824	7.87941176470588	10.6617647058824	2.75529411764706
"BAT"	2006	"Coast"	0.74	7.16	13.4766666666667	2.89866666666667
"BAT"	2007	"Coast"	1.0825	8.08333333333333	11.2833333333333	3.5769696969697
"BAT"	2008	"Coast"	1.01818181818182	7.7030303030303	11.1484848484848	2.14242424242424
"BAT"	2009	"Coast"	1	8.04545454545454	11.1606060606061	1.88575757575758
"BAT"	2010	"Coast"	0.607142857142857	6.48846153846154	14.0615384615385	2.39038461538462
"BAT"	2011	"Coast"	0.54	6.33333333333333	12.0333333333333	2.53890909090909
"BAT"	2012	"Coast"	1.25294117647059	8.08181818181818	10.8212121212121	1.76060606060606
"BAT"	2013	"Coast"	0.7	6.53333333333333	12.38	2.30633333333333
"BAT"	2014	"Coast"	0.922222222222222	7.64705882352941	12.8647058823529	1.84705882352941
"BAT"	2015	"Coast"	0.971428571428571	8.28055555555556	10.6555555555556	2.25472222222222
"BAT"	2016	"Coast"	1.17272727272727	8.7030303030303	11.6151515151515	1.85333333333333
"BAT"	2017	"Coast"	1.01304347826087	8.52962962962963	10.7833333333333	2.03333333333333
"BAT"	2018	"Coast"	0.931818181818182	6.60909090909091	11.5454545454545	2.17090909090909
"BAT"	2019	"Coast"	1.2	8.89090909090909	10.3181818181818	1.94515151515152
"BAT"	2020	"Coast"	1.26666666666667	8.94545454545455	11.4454545454545	1.70212121212121
"BAT"	2021	"Coast"	0.712121212121212	8.02424242424242	11.2151515151515	2.40571428571429
"BAT"	2022	"Coast"	1.23333333333333	7.26666666666667	1.86666666666667	NA
"BoB"	2005	"Coast"	0.35	5.86666666666667	10.4833333333333	3.66
"BoB"	2006	"Coast"	0.35	4.51	12.8666666666667	4.85888888888889
"BoB"	2007	"Coast"	0.33	5.4	11.3583333333333	6.69363636363636
"BoB"	2008	"Coast"	0.3	5.10909090909091	10.6409090909091	3.41409090909091
"BoB"	2009	"Coast"	0.3	6.27272727272727	11.7772727272727	2.585
"BoB"	2010	"Coast"	0.291666666666667	4.41666666666667	13.3444444444444	2.84055555555556
"BoB"	2011	"Coast"	0.45	3.87916666666667	13.1083333333333	3.46095833333333
"BoB"	2012	"Coast"	0.4	4.9375	10.2875	2.8875
"BoB"	2013	"Coast"	0.35	4.27	12.81	2.748
"BoB"	2014	"Coast"	0.4	5.78636363636364	12.6954545454545	2.83863636363636
"BoB"	2015	"Coast"	0.35	6.20416666666667	11.175	3.40833333333333
"BoB"	2016	"Coast"	1.45	6.48636363636364	11.4454545454545	2.81409090909091
"BoB"	2017	"Coast"	0.333333333333333	6.405	10.955	3.3865
"BoB"	2018	"Coast"	0.375	4.60909090909091	11.2636363636364	2.865
"BoB"	2019	"Coast"	0.3	6.64090909090909	11.4045454545455	3.21681818181818
"BoB"	2020	"Coast"	0.4	7.16111111111111	11.6944444444444	2.46333333333333
"BoB"	2021	"Coast"	0.3	5.93636363636364	11.6545454545455	4.19
"BoB"	2022	"Coast"	0.7	5.1	1	NA
"Borchtitz"	2018	"Freshwater"	NA	0	9.60833333333333	0.305833333333333
"Brandshagen"	2006	"Freshwater"	NA	0	9.8625	0.110833333333333
"Brandshagen"	2007	"Freshwater"	NA	0	9.4	0.0816666666666667
"Brandshagen"	2008	"Freshwater"	NA	0	9.06666666666667	0.065
"Brandshagen"	2009	"Freshwater"	NA	0	9.35	0.0908333333333333
"Brandshagen"	2010	"Freshwater"	NA	0	8.35	0.0766666666666667
"Brandshagen"	2011	"Freshwater"	NA	0	9.44166666666667	0.0625
"Brandshagen"	2012	"Freshwater"	NA	0	9.45833333333333	0.0541666666666667
"Brandshagen"	2013	"Freshwater"	NA	0	8.90833333333333	0.0483333333333333
"Brandshagen"	2014	"Freshwater"	NA	0	8.34166666666667	0.0958333333333333
"Brandshagen"	2015	"Freshwater"	NA	0	8.66666666666667	0.0691666666666667
"Brandshagen"	2016	"Freshwater"	NA	0	7.51666666666667	0.0658333333333333
"Brandshagen"	2017	"Freshwater"	NA	0	8.43636363636364	0.0663636363636364
"Brandshagen"	2018	"Freshwater"	NA	0	8.20833333333333	0.05
"Brandshagen"	2019	"Freshwater"	NA	0	7.975	0.0666666666666667
"Brandshagen"	2020	"Freshwater"	NA	0	9.7	0.0683333333333333
"Flemendorf"	2006	"Freshwater"	NA	0	9.37916666666667	0.5325
"Flemendorf"	2007	"Freshwater"	NA	0	10.0541666666667	0.230416666666667
"Flemendorf"	2008	"Freshwater"	NA	0	10.2333333333333	0.458333333333333
"Flemendorf"	2009	"Freshwater"	NA	0	9.3	1.01
"Flemendorf"	2010	"Freshwater"	NA	0	8.22727272727273	0.348181818181818
"Flemendorf"	2011	"Freshwater"	NA	0	9.43333333333333	0.248333333333333
"Flemendorf"	2012	"Freshwater"	NA	0	9.05	0.645833333333333
"Flemendorf"	2014	"Freshwater"	NA	0	10.0583333333333	0.64
"Flemendorf"	2017	"Freshwater"	NA	0	9.95454545454546	0.445454545454545
"Flemendorf"	2020	"Freshwater"	NA	0	9.71666666666667	0.271666666666667
"GB"	2005	"Coast"	1.48125	7.26846153846154	9.56564102564102	1.415390625
"GB"	2006	"Coast"	1.67575757575758	6.99954545454545	9.45977272727273	1.93613636363636
"GB"	2007	"Coast"	1.61282051282051	7.67909090909091	11.3614545454545	1.85418367346939
"GB"	2008	"Coast"	1.65862068965517	6.96538461538462	12.9708333333333	1.32269230769231
"GB"	2009	"Coast"	1.92619047619048	7.06833333333333	9.29433333333333	1.34991666666667
"GB"	2010	"Coast"	1.18	6.21071428571429	12.6896428571429	2.02660714285714
"GB"	2011	"Coast"	0.979166666666667	6.09268292682927	10.7478048780488	1.57789024390244
"GB"	2012	"Coast"	1.48846153846154	7.7216049382716	11.6484567901235	1.20792682926829
"GB"	2013	"Coast"	1.24642857142857	6.10240963855422	12.7401204819277	1.48012048192771
"GB"	2014	"Coast"	1.40666666666667	6.82986111111111	13.5190972222222	1.55527777777778
"GB"	2015	"Coast"	1.6969696969697	7.84565217391304	10.7074456521739	1.28842391304348
"GB"	2016	"Coast"	2.10810810810811	7.59277108433735	13.3617469879518	1.47885542168675
"GB"	2017	"Coast"	2.14074074074074	7.5719298245614	13.4877192982456	1.4159649122807
"GB"	2018	"Coast"	1.81794871794872	6.66117647058824	12.866	1.9983
"GB"	2019	"Coast"	2.3875	7.8719696969697	9.08560606060606	1.22810606060606
"GB"	2020	"Coast"	2.65714285714286	7.821	8.897	1.3191
"GB"	2021	"Coast"	2.07	7.37611111111111	9.67777777777778	1.20425925925926
"GB"	2022	"Coast"	2.12	7.11	1.43	NA
"Greifswald"	2005	"Freshwater"	NA	0	10.4416666666667	0.0995833333333333
"Greifswald"	2006	"Freshwater"	NA	0	12.3916666666667	0.208333333333333
"Greifswald"	2007	"Freshwater"	NA	0	11.6270833333333	0.0935416666666667
"Greifswald"	2008	"Freshwater"	NA	0	11.5583333333333	0.130833333333333
"Greifswald"	2009	"Freshwater"	NA	0	11.7333333333333	0.1725
"Greifswald"	2010	"Freshwater"	NA	0	9.975	0.150833333333333
"Greifswald"	2011	"Freshwater"	NA	0	10.2708333333333	0.0908333333333333
"Greifswald"	2012	"Freshwater"	NA	0	11.2833333333333	0.1475
"Greifswald"	2013	"Freshwater"	NA	0	9.86363636363636	0.09
"Greifswald"	2014	"Freshwater"	NA	0	11.8291666666667	0.0858333333333333
"Greifswald"	2015	"Freshwater"	NA	0	10.8	0.139166666666667
"Greifswald"	2016	"Freshwater"	NA	0	10.1833333333333	0.136666666666667
"Greifswald"	2017	"Freshwater"	NA	0	11.7333333333333	0.1075
"Greifswald"	2018	"Freshwater"	NA	0	10.6909090909091	0.1775
"Greifswald"	2019	"Freshwater"	NA	0	10.6545454545455	0.122272727272727
"Greifswald"	2020	"Freshwater"	NA	0	11.7125	0.0916666666666667
"Hanshagen Ausbau"	2007	"Freshwater"	NA	0	9.95833333333333	0.0895833333333333
"Hanshagen Ausbau"	2012	"Freshwater"	NA	0	8.55833333333333	0.0925
"Hanshagen Ausbau"	2015	"Freshwater"	NA	0	9.78333333333333	0.0933333333333333
"Hanshagen Ausbau"	2018	"Freshwater"	NA	0	8.80909090909091	0.09
"Karow"	2005	"Freshwater"	NA	0	9.48333333333333	0.0966666666666667
"Karow"	2006	"Freshwater"	NA	0	10.0583333333333	0.1475
"Karow"	2007	"Freshwater"	NA	0	10.8166666666667	0.121666666666667
"Karow"	2008	"Freshwater"	NA	0	9.95	0.0933333333333333
"Karow"	2009	"Freshwater"	NA	0	8.76666666666667	0.0816666666666667
"Karow"	2010	"Freshwater"	NA	0	7.475	0.0933333333333333
"Karow"	2011	"Freshwater"	NA	0	9.65833333333333	0.1075
"Karow"	2012	"Freshwater"	NA	0	9.34166666666667	0.0841666666666667
"Karow"	2013	"Freshwater"	NA	0	9.25	0.0816666666666667
"Karow"	2014	"Freshwater"	NA	0	9.825	0.115
"Karow"	2015	"Freshwater"	NA	0	9.24166666666667	0.0883333333333333
"Karow"	2016	"Freshwater"	NA	0	9.90833333333333	0.100833333333333
"Karow"	2017	"Freshwater"	NA	0	10.3583333333333	0.0875
"Karow"	2018	"Freshwater"	NA	0	8.98333333333333	0.0933333333333333
"Karow"	2019	"Freshwater"	NA	0	9.025	0.1
"Karow"	2020	"Freshwater"	NA	0	9.95833333333333	0.11
"Kasnevitz"	2007	"Freshwater"	NA	0	10.4166666666667	0.260833333333333
"Kasnevitz"	2008	"Freshwater"	NA	0	9.225	0.343333333333333
"Kasnevitz"	2009	"Freshwater"	NA	0	8.55833333333333	0.368333333333333
"Kasnevitz"	2010	"Freshwater"	NA	0	7.49166666666667	0.281666666666667
"KJB"	2005	"Coast"	0.3	5.05454545454545	11.4818181818182	6.01545454545455
"KJB"	2006	"Coast"	0.35	5.3	15.5625	4.63375
"KJB"	2007	"Coast"	0.35	4.51666666666667	11.3083333333333	4.87818181818182
"KJB"	2008	"Coast"	0.45	4.17	12.91	3.518
"KJB"	2009	"Coast"	0.325	5.11	12.52	3.423
"KJB"	2010	"Coast"	0.45	4.91111111111111	11.9444444444444	3.672
"KJB"	2011	"Coast"	0.4	3.85	12	4.449
"KJB"	2012	"Coast"	0.42	3.55454545454545	11.8363636363636	3.83545454545455
"KJB"	2013	"Coast"	0.35	3.71111111111111	13.4888888888889	3.23888888888889
"KJB"	2014	"Coast"	0.4	4.71818181818182	12.3272727272727	2.94454545454545
"KJB"	2015	"Coast"	0.375	5.6	11.81	3.841
"KJB"	2016	"Coast"	0.45	5.25454545454545	12.2454545454545	3.14636363636364
"KJB"	2017	"Coast"	0.4	5.47	12.4	3.124
"KJB"	2018	"Coast"	0.5	5.28181818181818	11.5181818181818	3.12272727272727
"KJB"	2019	"Coast"	0.55	6.06666666666667	11.425	2.40083333333333
"KJB"	2020	"Coast"	0.35	6.3	11.88	3.183
"KJB"	2021	"Coast"	0.433333333333333	6.275	10.8916666666667	2.9375
"Kluis"	2005	"Freshwater"	NA	0	9.13333333333333	0.24375
"Kluis"	2006	"Freshwater"	NA	0	10.275	0.32
"Kluis"	2007	"Freshwater"	NA	0	10.7666666666667	0.243333333333333
"Kluis"	2008	"Freshwater"	NA	0	9.1	0.2025
"Kluis"	2009	"Freshwater"	NA	0	8.24166666666667	0.325833333333333
"Kluis"	2010	"Freshwater"	NA	0	8.28181818181818	0.264545454545455
"Kluis"	2011	"Freshwater"	NA	0	8.83333333333333	0.253333333333333
"Kluis"	2012	"Freshwater"	NA	0	8.69166666666667	0.310833333333333
"Kluis"	2013	"Freshwater"	NA	0	8.66666666666667	0.255833333333333
"Kluis"	2014	"Freshwater"	NA	0	9.55833333333333	0.3325
"Kluis"	2015	"Freshwater"	NA	0	8.74166666666667	0.411666666666667
"Kluis"	2016	"Freshwater"	NA	0	9.49166666666667	0.4375
"Kluis"	2017	"Freshwater"	NA	0	9.71666666666667	0.378333333333333
"Kluis"	2018	"Freshwater"	NA	0	8.875	0.270833333333333
"Kluis"	2019	"Freshwater"	NA	0	8.51666666666667	0.4125
"Kluis"	2020	"Freshwater"	NA	0	9.475	0.2575
"Lassan"	2007	"Freshwater"	NA	0	10.025	0.13
"Lassan"	2014	"Freshwater"	NA	0	9.53333333333333	0.2325
"Lassan"	2020	"Freshwater"	NA	0	9.75833333333333	0.131666666666667
"Negast"	2013	"Freshwater"	NA	0	8.9	0.1475
"Negast"	2017	"Freshwater"	NA	0	10.1083333333333	0.175
"Negast"	2020	"Freshwater"	NA	0	10.1666666666667	0.235833333333333
"nö. Venz"	2012	"Freshwater"	NA	0	9.21666666666667	0.105
"nö. Venz"	2015	"Freshwater"	NA	0	9.43333333333333	0.0891666666666667
"nö. Venz"	2018	"Freshwater"	NA	0	9.8	0.0758333333333333
"NRB"	2005	"Coast"	1.52793103448276	8.58522727272727	11.3761363636364	1.60102272727273
"NRB"	2006	"Coast"	1.55230769230769	8.11428571428571	16.8517857142857	2.11785714285714
"NRB"	2007	"Coast"	1.3375	8.61707317073171	10.9436585365854	2.05026315789474
"NRB"	2008	"Coast"	1.1875	8.44078947368421	9.86736842105263	1.67302631578947
"NRB"	2009	"Coast"	1.76923076923077	8.60428571428571	12.7362857142857	1.44928571428571
"NRB"	2010	"Coast"	1.15	7.57916666666667	15.9070833333333	1.92083333333333
"NRB"	2011	"Coast"	1.08823529411765	7.14375	12.8503125	1.73356875
"NRB"	2012	"Coast"	1.364	8.295	13.1289166666667	2.09425
"NRB"	2013	"Coast"	1.22941176470588	7.5025	11.138	1.83941666666667
"NRB"	2014	"Coast"	1.2	7.86923076923077	16.4144871794872	2.21307692307692
"NRB"	2015	"Coast"	1.56666666666667	8.4698275862069	11.4841379310345	1.77043103448276
"NRB"	2016	"Coast"	1.43846153846154	8.53272727272727	11.6740909090909	1.72754545454545
"NRB"	2017	"Coast"	1.5875	8.4969696969697	13.7030303030303	2.20378787878788
"NRB"	2018	"Coast"	1.9047619047619	8.24695121951219	13.344	1.8807
"NRB"	2019	"Coast"	1.76470588235294	8.93888888888889	11.5088888888889	1.36544444444444
"NRB"	2020	"Coast"	2	9.44117647058824	10.5235294117647	1.7575
"NRB"	2021	"Coast"	1.8625	8.78035714285714	12.8517857142857	1.178125
"NRB"	2022	"Coast"	2.85	8.95	2.525	NA
"ö. Mündung"	2012	"Freshwater"	NA	0	8.475	0.243333333333333
"P"	2005	"Coast"	0.845	2.46395348837209	11.1232558139535	4.25593023255814
"P"	2006	"Coast"	0.821428571428571	2.78888888888889	14.9791666666667	7.76222222222222
"P"	2007	"Coast"	0.917567567567568	2.59166666666667	11.021875	5.18920454545455
"P"	2008	"Coast"	0.962962962962963	2.49772727272727	11.4477272727273	2.98761363636364
"P"	2009	"Coast"	1.3328125	2.96739130434783	11.6902173913043	3.18380434782609
"P"	2010	"Coast"	0.662962962962963	1.59444444444444	12.8208333333333	3.88969444444444
"P"	2011	"Coast"	0.516071428571429	1.85454545454545	11.6130681818182	3.39170454545455
"P"	2012	"Coast"	0.83030303030303	2.60655737704918	11.8090163934426	3.65229508196721
"P"	2013	"Coast"	0.666666666666667	1.66607142857143	14.725	3.1475
"P"	2014	"Coast"	1.009375	3.08142857142857	11.6814285714286	3.30271428571429
"P"	2015	"Coast"	0.942857142857143	3.95555555555556	10.9027777777778	2.92888888888889
"P"	2016	"Coast"	0.961764705882353	4.05909090909091	11.0772727272727	3.46818181818182
"P"	2017	"Coast"	0.742857142857143	2.82769230769231	11.7230769230769	3.13469230769231
"P"	2018	"Coast"	0.644827586206897	3.34848484848485	12.5931818181818	3.41113636363636
"P"	2019	"Coast"	0.689655172413793	4.1910447761194	12.7962686567164	3.55477611940299
"P"	2020	"Coast"	1	4.34305555555556	11.55	2.46097222222222
"P"	2021	"Coast"	1.10227272727273	2.87386363636364	12.075	1.92708333333333
"P"	2022	"Coast"	0.45	3.5875	2.2625	NA
"Pansevitz"	2013	"Freshwater"	NA	0	8.45	1.75166666666667
"Pansevitz"	2016	"Freshwater"	NA	0	8.65	1.92166666666667
"Pansevitz"	2019	"Freshwater"	NA	0	8.14166666666667	2.10083333333333
"Prohn"	2005	"Freshwater"	NA	0	8.425	0.0725
"Prohn"	2006	"Freshwater"	NA	0	9.42916666666667	0.0891666666666667
"Prohn"	2007	"Freshwater"	NA	0	12.1625	0.131666666666667
"Prohn"	2008	"Freshwater"	NA	0	11.0083333333333	0.0891666666666667
"Prohn"	2009	"Freshwater"	NA	0	9.89166666666667	0.0791666666666667
"Prohn"	2010	"Freshwater"	NA	0	8.175	0.0841666666666667
"Prohn"	2011	"Freshwater"	NA	0	10.0166666666667	0.115
"Prohn"	2012	"Freshwater"	NA	0	9.85	0.075
"Prohn"	2013	"Freshwater"	NA	0	9.10833333333333	0.0725
"Prohn"	2014	"Freshwater"	NA	0	10.7916666666667	0.0633333333333333
"Prohn"	2015	"Freshwater"	NA	0	10.4666666666667	0.045
"Prohn"	2016	"Freshwater"	NA	0	10.0333333333333	0.0391666666666667
"Prohn"	2017	"Freshwater"	NA	0	9.84545454545455	0.0509090909090909
"Prohn"	2018	"Freshwater"	NA	0	9.775	0.0483333333333333
"Prohn"	2019	"Freshwater"	NA	0	9.28333333333333	0.0326666666666667
"Prohn"	2020	"Freshwater"	NA	0	10.2166666666667	0.03
"s. Martinshafen"	2012	"Freshwater"	NA	0	8.4	0.306666666666667
"s. Martinshafen"	2015	"Freshwater"	NA	0	8.70833333333333	0.325833333333333
"s. Martinshafen"	2018	"Freshwater"	NA	0	8.64166666666667	0.169166666666667
"SaB"	2005	"Coast"	0.2	4.35833333333333	10.4583333333333	5.41083333333333
"SaB"	2006	"Coast"	0.25	2.95	14.11	5.037
"SaB"	2007	"Coast"	0.26	3.48181818181818	12.1454545454545	7.482
"SaB"	2008	"Coast"	0.25	3.47272727272727	10.6818181818182	4.30727272727273
"SaB"	2009	"Coast"	0.733333333333333	4.5	12.96	3.58
"SaB"	2010	"Coast"	0.2	3.52222222222222	13.2777777777778	3.69777777777778
"SaB"	2011	"Coast"	0.2375	2.10909090909091	12.5	4.36881818181818
"SaB"	2012	"Coast"	0.3	2.88333333333333	10.1083333333333	3.27833333333333
"SaB"	2013	"Coast"	0.25	2.83	12.52	3.342
"SaB"	2014	"Coast"	0.3	3.99090909090909	12.5727272727273	3.64090909090909
"SaB"	2015	"Coast"	0.25	3.95833333333333	11.15	4.04666666666667
"SaB"	2016	"Coast"	1	4.44545454545455	11.4909090909091	3.69818181818182
"SaB"	2017	"Coast"	0.25	4.89	11.33	4.289
"SaB"	2018	"Coast"	0.25	2.86363636363636	11.3363636363636	3.61727272727273
"SaB"	2019	"Coast"	0.25	4.94545454545455	11.4545454545455	4.22090909090909
"SaB"	2020	"Coast"	0.3	5.2	12.2333333333333	3.36666666666667
"SaB"	2021	"Coast"	0.263636363636364	4.37272727272727	11.7818181818182	4.68666666666667
"SaB"	2022	"Coast"	0.6	3.8	0.6	NA
"Sagard"	2008	"Freshwater"	NA	0	8.4	0.479166666666667
"Sagard"	2009	"Freshwater"	NA	0	7.76666666666667	0.655833333333333
"Sagard"	2010	"Freshwater"	NA	0	7.01666666666667	0.425
"Sehrowbach"	2005	"Freshwater"	NA	0	9.95833333333333	0.11625
"Sehrowbach"	2006	"Freshwater"	NA	0	11.125	0.204166666666667
"Sehrowbach"	2007	"Freshwater"	NA	0	11.3208333333333	0.124583333333333
"Sehrowbach"	2008	"Freshwater"	NA	0	10.1916666666667	0.16
"Sehrowbach"	2009	"Freshwater"	NA	0	9.41666666666667	0.240833333333333
"Sehrowbach"	2012	"Freshwater"	NA	0	9.39166666666667	0.121666666666667
"Sehrowbach"	2013	"Freshwater"	NA	0	9.41666666666667	0.121666666666667
"Sehrowbach"	2014	"Freshwater"	NA	0	10.3666666666667	0.208333333333333
"Sehrowbach"	2015	"Freshwater"	NA	0	9.76666666666667	0.175
"Sehrowbach"	2016	"Freshwater"	NA	0	11.1333333333333	0.196666666666667
"Sehrowbach"	2017	"Freshwater"	NA	0	10.5	0.130833333333333
"Sehrowbach"	2018	"Freshwater"	NA	0	10.125	0.215
"Sehrowbach"	2019	"Freshwater"	NA	0	10.4666666666667	0.170909090909091
"Sehrowbach"	2020	"Freshwater"	NA	0	10.6916666666667	0.185833333333333
"sö. Rosengarten"	2012	"Freshwater"	NA	0	9.29166666666667	0.534166666666667
"sö. Rosengarten"	2015	"Freshwater"	NA	0	9.25833333333333	0.325
"sö. Rosengarten"	2018	"Freshwater"	NA	0	8.775	0.368333333333333
"Stadtholz"	2011	"Freshwater"	NA	0	8.38333333333333	0.0833333333333333
"Stadtholz"	2014	"Freshwater"	NA	0	11.3833333333333	0.0675
"Stadtholz"	2017	"Freshwater"	NA	0	10.3090909090909	0.0745454545454545
"Stadtholz"	2020	"Freshwater"	NA	0	9.50833333333333	0.0783333333333333
"Vorwerk"	2005	"Freshwater"	NA	0	8.8875	0.237916666666667
"Vorwerk"	2007	"Freshwater"	NA	0	10.0416666666667	0.3025
"Vorwerk"	2008	"Freshwater"	NA	0	9.15833333333333	0.280833333333333
"Vorwerk"	2009	"Freshwater"	NA	0	8.25	0.235
"Vorwerk"	2010	"Freshwater"	NA	0	7.3	0.3325
"Vorwerk"	2011	"Freshwater"	NA	0	8.63333333333333	0.173333333333333
"Vorwerk"	2014	"Freshwater"	NA	0	9.575	0.306666666666667
"Vorwerk"	2017	"Freshwater"	NA	0	9.825	0.221666666666667
"Vorwerk"	2020	"Freshwater"	NA	0	9.59166666666667	0.2725
"Waschow"	2007	"Freshwater"	NA	0	9.92083333333333	0.07625
"Waschow"	2012	"Freshwater"	NA	0	8.73333333333333	0.055
"Waschow"	2016	"Freshwater"	NA	0	10.2333333333333	0.111666666666667
"Waschow"	2019	"Freshwater"	NA	0	9.48333333333333	0.378333333333333
"Wehrland"	2007	"Freshwater"	NA	0	9.62083333333333	0.0845833333333333
"Wehrland"	2012	"Freshwater"	NA	0	8.24166666666667	0.0766666666666667
"Wehrland"	2016	"Freshwater"	NA	0	9.54166666666667	0.0875
"Wehrland"	2019	"Freshwater"	NA	0	9.425	0.0758333333333333
"WRB"	2005	"Coast"	1.83333333333333	8.55535714285714	10.0883928571429	1.26651785714286
"WRB"	2006	"Coast"	1.83827586206897	8.52222222222222	12.6722222222222	1.43125
"WRB"	2007	"Coast"	1.86944444444444	9.5765306122449	9.33112244897959	1.28545454545455
"WRB"	2008	"Coast"	1.65833333333333	8.59704861111111	11.0846354166667	1.49140625
"WRB"	2009	"Coast"	1.97368421052632	8.61950354609929	10.6506028368794	0.951524822695035
"WRB"	2010	"Coast"	1.38857142857143	7.68448275862069	12.6874137931034	1.45393103448276
"WRB"	2011	"Coast"	1.29615384615385	7.62857142857143	11.6261428571429	1.46626285714286
"WRB"	2012	"Coast"	2.003125	9.07156862745098	11.4758823529412	1.19147058823529
"WRB"	2013	"Coast"	1.9	7.31860465116279	12.9367441860465	1.27220930232558
"WRB"	2014	"Coast"	1.84642857142857	7.90444444444444	13.0943333333333	1.33588888888889
"WRB"	2015	"Coast"	1.846875	9.388	11.0185	1.2695
"WRB"	2016	"Coast"	2.27333333333333	8.75531914893617	11.7181914893617	1.17670212765957
"WRB"	2017	"Coast"	1.97058823529412	8.85	11.3964285714286	1.6125
"WRB"	2018	"Coast"	1.52413793103448	7.70904255319149	12.055	1.708125
"WRB"	2019	"Coast"	2.025	9.2575	11.66625	1.20625
"WRB"	2020	"Coast"	2.11290322580645	9.26891891891892	10.6743243243243	1.17810810810811
"WRB"	2021	"Coast"	1.78157894736842	8.89078947368421	11.3217105263158	1.18113636363636
"WRB"	2022	"Coast"	1.9	9.55	2.25	NA
"Ziese"	2005	"Freshwater"	NA	0	10.5854166666667	0.106458333333333
"Ziese"	2006	"Freshwater"	NA	0	11.175	0.134375
"Ziese"	2007	"Freshwater"	NA	0	11.3854166666667	0.10804347826087
"Ziese"	2008	"Freshwater"	NA	0	9.94166666666667	0.124166666666667
"Ziese"	2009	"Freshwater"	NA	0	9.8875	0.166666666666667
"Ziese"	2010	"Freshwater"	NA	0	8.85416666666667	0.14375
"Ziese"	2011	"Freshwater"	NA	0	10.2541666666667	0.129166666666667
"Ziese"	2012	"Freshwater"	NA	0	9.52916666666667	0.10375
"Ziese"	2013	"Freshwater"	NA	0	9.53333333333333	0.09875
"Ziese"	2014	"Freshwater"	NA	0	10.4666666666667	0.134583333333333
"Ziese"	2015	"Freshwater"	NA	0	10.4833333333333	0.0983333333333333
"Ziese"	2016	"Freshwater"	NA	0	10.2166666666667	0.130833333333333
"Ziese"	2017	"Freshwater"	NA	0	9.70833333333333	0.11125
"Ziese"	2018	"Freshwater"	NA	0	10.1173913043478	0.13625
"Ziese"	2019	"Freshwater"	NA	0	10.75	0.146666666666667
"Ziese"	2020	"Freshwater"	NA	0	10.8083333333333	0.15
"Zipke"	2006	"Freshwater"	NA	0	9.81666666666667	NA
"Zipke"	2007	"Freshwater"	NA	0	10.1416666666667	0.06625
"Zipke"	2008	"Freshwater"	NA	0	11.0083333333333	0.355833333333333
"Zipke"	2009	"Freshwater"	NA	0	10.0833333333333	0.2125
"Zipke"	2010	"Freshwater"	NA	0	8.81818181818182	0.0990909090909091
"Zipke"	2011	"Freshwater"	NA	0	9.83333333333333	0.0833333333333333
"Zipke"	2012	"Freshwater"	NA	0	9.85	0.241666666666667
"Zipke"	2014	"Freshwater"	NA	0	10.9666666666667	0.295833333333333
"Zipke"	2017	"Freshwater"	NA	0	10.9545454545455	0.256363636363636
"Zipke"	2020	"Freshwater"	NA	0	10.825	0.335
"Zuehlendorf"	2006	"Freshwater"	NA	0	9.1125	0.182916666666667
"Zuehlendorf"	2007	"Freshwater"	NA	0	9.95833333333333	0.187916666666667
"Zuehlendorf"	2008	"Freshwater"	NA	0	9.9	1.3175
"Zuehlendorf"	2009	"Freshwater"	NA	0	8.48333333333333	1.36416666666667
"Zuehlendorf"	2010	"Freshwater"	NA	0	8.36	0.276
"Zuehlendorf"	2011	"Freshwater"	NA	0	8.8	0.19
"Zuehlendorf"	2012	"Freshwater"	NA	0	8.78333333333333	0.486666666666667
"Zuehlendorf"	2014	"Freshwater"	NA	0	9.63333333333333	1.40833333333333
